[SCRAPER]
Count = 1000
CountReplies = 5
Language = en
Since = 2019-03-11
Query = #LGBTQ OR #LGBT OR LGBT OR LGBTQ OR homesexuality

[LOCATION]
Egypt = 30.047309,31.233261,400km
Russia = 55.762307,37.616529,500km
SaudiArabia = 24.746323,46.860029,2000km

